24 32.67450511945469
25 34.62227206946531
26 36.68160919540306
27 38.87103896103799
28 41.172570937230326
29 43.62584699453454
30 46.22204633204536
31 48.96975460122603
32 51.86805194805097
33 54.969070034442204
34 58.233207776426724
35 61.64567010309183
36 65.31377049180233
37 69.1945441389315
38 73.43689127105918
39 77.81207792208043
40 82.41422680412624
41 87.35000000000223
42 92.53000000000283
43 98.02000000000257
44 103.87000000000249
45 110.03000000000257
46 116.58000000000183
47 123.18000000000214
48 130.4300000000028
49 138.1699999999953
50 147.08999999999446
51 155.87999999999556
52 165.17999999999438
53 349.8599999999956
54 370.66999999999484
55 392.7199999999948
56 208.11999999999534
57 220.489999999995
58 233.59999999999582
59 247.45999999999594
60 262.1699999999953
61 277.75999999999567
62 293.399999999996
63 310.8399999999965
64 329.31999999999607
65 349.2699999999961
66 370.0399999999954
67 392.0299999999954
68 415.5299999999959
69 440.19999999999527
70 466.34999999999513
71 494.1499999999953
72 523.4999999999959
73 554.6199999999949
74 587.4799999999959
75 622.3299999999952
76 659.2199999999962
77 699.2299999999943
78 740.8099999999947
79 784.8599999999947
80 831.7399999999939
81 881.2599999999961
82 933.7499999999939
83 990.1899999999935
84 1049.0799999999927
85 1111.4799999999923
86 1177.5899999999922
87 1247.6499999999921
88 1321.909999999992
89 1400.5899999999913
90 1482.3699999999915
91 1570.5599999999913
92 1664.989999999991
93 1762.989999999991
94 1867.9799999999918
95 1978.2499999999934
96 2095.8000000001484
97 2220.380000000161
98 2352.6200000001663
99 2492.6200000001663
100 2640.740000000169
101 2795.7900000001046
102 2961.950000000108
103 3137.940000000108
104 3324.50000000012
105 3522.270000000115
106 3731.800000000105
107 3953.9300000001076
108 4189.150000000134